67.5005959 0.0013073 35.5603317
66.4798594 11.7229405 35.5608512
63.432554 23.0955283 35.5613582
58.4597473 33.7516193 35.5618122
51.7096401 43.3910504 35.5619777
43.3915006 51.7128346 35.5623449
33.7493923 58.4623267 35.5625338
23.0857876 63.4288826 35.5624573
11.7212477 66.4778472 35.5622281
-0.0003058 67.5036517 35.5619663
-11.7232501 66.4771163 35.5615688
-23.0861818 63.4313874 35.5617498
-33.748489 58.4599652 35.560712
-43.387602 51.7063862 35.5602301
-51.7068235 43.3893964 35.5599649
-58.4541093 33.7503575 35.5592911
-63.4271923 23.084656 35.5590751
-66.472774 11.7199089 35.558469
-67.4987288 0.0039879 35.5582102
-66.4736349 -11.7209348 35.5576708
-63.4278355 -23.0866613 35.5573768
-58.4524032 -33.7476683 35.5571128
-51.7074542 -43.3857289 35.5570053
-43.3862441 -51.7055585 35.5568751
-33.7476299 -58.4537119 35.5568142
-23.0840492 -63.4294959 35.5567386
-11.715256 -66.4735204 35.5565549
0.0045778 -67.4975554 35.5567137
11.7263871 -66.4747353 35.5569762
23.0904772 -63.428035 35.5571571
33.749237 -58.4554692 35.5571669
43.3910625 -51.708881 35.5576538
51.7092728 -43.3876 35.55785
58.460695 -33.7468314 35.5582759
63.4370792 -23.0830055 35.5585979
66.4785133 -11.715192 35.5591161
49.9998726 0.0029651 35.5589479
48.2946865 12.9432426 35.5592524
43.3046779 25.0021196 35.5598443
35.3593496 35.3562166 35.5603243
24.999611 43.3072755 35.5605187
12.9446977 48.2993692 35.5603496
-0.0002130 50.003559 35.5599027
-12.9411845 48.2986464 35.5596565
-24.9998047 43.3068517 35.5591257
-35.3571697 35.35806 35.55842
-43.2997988 24.9992013 35.5581275
-48.2932316 12.940333 35.5579232
-49.9970136 0.0036669 35.557322
-48.2930834 -12.9371884 35.5569265
-43.298066 -24.9996984 35.5567067
-35.3519978 -35.3553446 35.5563257
-24.9987001 -43.2992849 35.5563343
-12.9372835 -48.291735 35.5561455
0.0054479 -49.996119 35.5560633
12.9423331 -48.2929589 35.5565695
25.0039935 -43.3017597 35.5565263
35.3566073 -35.354788 35.5571859
43.3081776 -24.9988304 35.5575295
48.3027683 -12.9383787 35.5580948
32.5017963 0.0046219 35.5586592
30.9096121 10.0450289 35.5592401
26.2975937 19.1031372 35.5592147
19.1022118 26.2944356 35.5596206
10.0438286 30.9080761 35.5592468
0.0028474 32.4998985 35.5594952
-10.0420513 30.9105565 35.5590507
-19.1006779 26.2969971 35.5587877
-26.2904319 19.105225 35.5582774
-30.90861 10.0438266 35.5577889
-32.497356 0.0027231 35.5576138
-30.907639 -10.0416022 35.5571818
-26.2938942 -19.1008811 35.5570092
-19.1033742 -26.2911268 35.5570723
-10.0373602 -30.9047095 35.5569972
0.0033432 -32.4958 35.5571598
10.051856 -30.9075272 35.5573184
19.1074545 -26.2942283 35.5576083
26.2972993 -19.1015898 35.5580126
30.9163388 -10.0411102 35.5583631
14.9976426 -0.0004953 35.5576793
12.1356838 8.8181629 35.5579911
4.6350928 14.2669351 35.558242
-4.634547 14.266018 35.5578707
-12.1359718 8.8211172 35.5574304
-14.9975528 0.0029479 35.5571516
-12.1306168 -8.8178636 35.5569779
-4.6347547 -14.2645646 35.556738
4.6394423 -14.2652903 35.5567663
12.1372374 -8.8154562 35.5572356
5.0007839 0.0009006 35.5560578
2.5016648 4.3274473 35.5558904
-2.4986355 4.3318362 35.5556287
-5.0019741 0.0012971 35.5552491
-2.5004845 -4.3296137 35.5550155
2.5010325 -4.3299389 35.5558723
2.5014241 -0.0001665 35.5557324
1.2499918 2.1640933 35.5556677
-1.2496986 2.165014 35.5560353
-2.5012659 -0.0006487 35.5558235
-1.2506413 -2.1633995 35.5558162
1.2495704 -2.1657332 35.5554656
