67.5054276 0.0025047 35.5579998
66.4756733 11.7196038 35.5581332
63.4317795 23.0909455 35.5587562
58.4594174 33.7543112 35.5590922
51.708896 43.3892717 35.5594387
43.3905886 51.7073602 35.5603109
33.750668 58.4587776 35.5609648
23.0869326 63.4286711 35.5614783
11.7252775 66.4771596 35.5613811
-0.0008488 67.5036848 35.5617883
-11.7194552 66.4732317 35.5614798
-23.0852912 63.4304769 35.5616958
-33.747369 58.4560495 35.561016
-43.3849456 51.7060703 35.5608021
-51.7078782 43.3856555 35.5603299
-58.4549304 33.7512425 35.5604511
-63.4242314 23.0834273 35.5599811
-66.4736479 11.7217637 35.559674
-67.499394 -0.0022735 35.5590142
-66.4729629 -11.7214202 35.5587238
-63.4279398 -23.0862456 35.5586128
-58.4572578 -33.7537966 35.5584367
-51.7042035 -43.3884886 35.5581523
-43.3857088 -51.7063684 35.5577461
-33.747921 -58.4568109 35.5577932
-23.0865414 -63.4320463 35.5578956
-11.723023 -66.4769177 35.5580288
-0.0003617 -67.503468 35.5579136
11.7242023 -66.4728904 35.5577992
23.0884707 -63.4286605 35.5577101
33.753466 -58.4572441 35.5574259
43.3911377 -51.7088886 35.5574418
51.7099797 -43.3890992 35.557431
58.462917 -33.7502119 35.5571389
63.4304632 -23.0874704 35.5578958
66.4799656 -11.7223675 35.557549
49.9997411 0.0015457 35.5593949
48.2951598 12.9426825 35.5599954
43.3035311 25.0021273 35.5605772
35.3569576 35.3573167 35.5612773
25.0007415 43.2989898 35.5623796
12.9435706 48.295742 35.5625115
0.0009319 50.0007304 35.5630837
-12.9394598 48.295338 35.5634235
-24.9939825 43.3015578 35.5631517
-35.3531524 35.3583063 35.5627511
-43.3014775 24.997027 35.5626604
-48.2972052 12.940533 35.5619622
-49.9988857 0.0040079 35.561534
-48.2907341 -12.9409204 35.5606285
-43.300766 -25.0025735 35.5603917
-35.3548328 -35.3590093 35.5602046
-24.9956798 -43.2998524 35.5595763
-12.9401985 -48.2977759 35.5594824
0.0042348 -50.0005386 35.5594632
12.9399645 -48.2988628 35.5596304
24.9981338 -43.3036578 35.5590252
35.3567993 -35.3592202 35.5591969
43.3021139 -24.9951782 35.5587055
48.2985766 -12.9402555 35.5593178
32.5058449 0.0010803 35.5620812
30.9116788 10.0409257 35.5624631
26.2899305 19.1050724 35.5628147
19.1010724 26.2929964 35.5637886
10.0476543 30.9066186 35.5638658
-0.0001821 32.5006022 35.5631891
-10.0399713 30.9084744 35.5634707
-19.0966581 26.2936643 35.5632807
-26.2923654 19.1016807 35.5629423
-30.9060661 10.0402013 35.5627059
-32.4950558 0.0032649 35.5627459
-30.9069263 -10.0467705 35.5622998
-26.2891334 -19.098926 35.5624183
-19.1022684 -26.2950166 35.5619803
-10.0451283 -30.9126028 35.561918
0.0016053 -32.5037425 35.5621378
10.0434045 -30.9060531 35.5625513
19.1036858 -26.2934784 35.5618853
26.2961285 -19.1000242 35.5618546
30.9129057 -10.0426321 35.5621231
15.0012519 0.0015544 35.5673354
12.1386107 8.81636 35.5680321
4.6399902 14.2695097 35.568501
-4.6314832 14.2645126 35.5685047
-12.1340828 8.8132243 35.5681824
-14.9966665 -0.0029238 35.5679846
-12.1324942 -8.8145766 35.5677029
-4.6315619 -14.2692296 35.567696
4.6377918 -14.2682955 35.5677373
12.1380033 -8.8180273 35.5672776
5.0018008 -0.0003946 35.5682088
2.5060348 4.3319749 35.5686505
-2.496953 4.3304076 35.5693857
-4.9975939 0.0007297 35.5686532
-2.5011148 -4.330053 35.5691945
2.5011726 -4.3310214 35.5684543
2.5016413 0.0005723 35.5685494
1.253037 2.1653878 35.5688317
-1.2485645 2.1652823 35.5693783
-2.4977585 -0.0012634 35.5688566
-1.2483987 -2.1675171 35.5689712
1.2487963 -2.1643631 35.5686556
